Tweet Processing & Classification using Pipelines

Precision :    0.6818464129933431
Recall :   0.7063186813186813
Accuracy :   0.7063186813186814
F1Score :   0.6744596242491222
